index,replay_id,datetime,playlist,match_type,match_result,team_goals,opp_goals,shots,shots_against,goals,goals_against,saves,assists,score,mvp,shooting_percentage,avg_speed,total_distance,time_supersonic_speed,time_boost_speed,time_slow_speed,time_ground,time_low_air,time_high_air,time_powerslide,count_powerslide,avg_powerslide_duration,avg_speed_percentage,percent_slow_speed,percent_boost_speed,percent_supersonic_speed,percent_ground,percent_low_air,percent_high_air,bpm,bcpm,avg_amount,amount_collected,amount_stolen,amount_collected_big,amount_stolen_big,amount_collected_small,amount_stolen_small,count_collected_big,count_stolen_big,count_collected_small,count_stolen_small,amount_overfill,amount_overfill_stolen,amount_used_while_supersonic,time_zero_boost,percent_zero_boost,time_full_boost,percent_full_boost,time_boost_0_25,time_boost_25_50,time_boost_50_75,time_boost_75_100,percent_boost_0_25,percent_boost_25_50,percent_boost_50_75,percent_boost_75_100
8,c3f4a2f9-3954-4b8c-9e7b-e3627210f237,2026-06-10 18:09:50+00:00,Private,3,W,2,1,2,3,1,1,1,0,272,False,50.0,1461,460430,37.81,127.18,166.0,238.05,82.23,10.71,5.05,44,0.11,63.52174,50.152573,38.42412,11.423306,71.9206,24.84365,3.2357473,361,394.03427,56.14,2140,745,1469,578,671,167,19,7,58,15,306,44,258,33.91,10.40631,31.67,9.718898,91.03,62.7,79.8,87.96,28.315035,19.50294,24.821926,27.360106
7,67dc4f74-dc7c-4cd9-8702-bce960890971,2026-06-10 18:16:43+00:00,Private,3,L,1,2,3,4,0,2,1,1,238,False,0.0,1511,486027,30.93,149.72,155.2,228.44,95.49,11.92,6.84,48,0.14,65.695656,46.21111,44.57943,9.209469,68.01846,28.432335,3.5492034,414,420.263,59.4,2269,225,1462,0,807,225,21,0,54,14,525,18,185,40.63,12.542446,65.4,20.188923,86.19,58.95,43.05,141.01,26.181652,17.907047,13.077156,42.834137
6,1a057839-64ec-4040-a4e7-7f0a2e1c1612,2026-06-10 18:25:33+00:00,Private,3,W,5,4,2,8,1,4,0,2,340,False,50.0,1377,469727,27.59,137.86,212.25,253.69,118.24,5.77,5.87,48,0.12,59.869564,56.195396,36.49987,7.3047395,67.16707,31.305271,1.5276675,312,349.1817,40.56,2098,431,1064,163,1034,268,15,4,74,16,293,71,320,45.14,12.521498,31.85,8.834951,138.86,109.64,44.77,66.44,38.60332,30.48011,12.446137,18.470434
9,bf116e1e-72c5-465b-9a6a-b460ccb56b91,2026-06-10 18:33:58+00:00,Private,3,W,2,1,3,9,1,1,1,0,363,False,33.333332,1449,584423,35.98,179.47,199.04,264.07,136.44,13.98,4.8,42,0.11,63.0,48.02046,43.298992,8.680547,63.709618,32.91756,3.3728194,409,429.02316,58.98,2917,522,1957,348,960,174,26,4,76,15,582,51,349,27.53,6.748376,51.74,12.682926,71.27,127.51,75.1,135.07,17.427557,31.17985,18.364103,33.02849
4,1c436fbf-0e13-4306-b2eb-2cbf11b36609,2026-06-15 18:30:47+00:00,Private,3,L,2,3,6,10,1,3,2,0,492,False,16.666666,1500,659763,47.99,203.71,210.79,302.21,150.1,10.19,6.96,60,0.12,65.21739,45.5772,44.04636,10.376441,65.342705,32.454056,2.203243,380,417.08057,47.66,3093,880,2105,560,988,320,23,6,88,29,218,45,471,73.07,16.42207,46.12,10.36521,164.89,104.22,76.45,103.32,36.733646,23.217787,17.031277,23.017286
5,51e4fa07-7900-43f0-8e7a-5337a65cef44,2026-06-15 18:40:24+00:00,Private,3,L,2,3,4,9,1,3,3,0,507,False,25.0,1396,462051,26.66,136.01,191.18,231.68,115.5,6.67,5.4,43,0.13,60.695652,54.02854,38.437187,7.534266,65.47407,32.64095,1.8849795,386,412.12122,47.63,2346,564,1537,340,809,224,17,4,73,20,170,60,259,50.75,14.858733,25.35,7.4220467,132.49,71.19,61.13,74.37,39.06186,20.988855,18.022879,21.926413
3,39616039-a7ff-43c9-85c6-c977ca7e3b7f,2026-06-17 19:04:05+00:00,Private,3,L,0,0,2,5,0,1,1,0,156,False,0.0,1478,449942,30.37,142.93,139.78,197.6,102.02,13.46,4.66,44,0.11,64.26087,44.646736,45.652866,9.700397,63.11486,32.585922,4.299221,411,402.34592,53.45,2081,553,1394,324,687,229,16,4,52,20,138,75,384,39.38,12.689718,25.61,8.252505,96.1,46.53,69.69,88.75,31.919487,15.454877,23.14744,29.478193
2,2413d40f-19df-47ac-a727-3d0c07a3ac59,2026-06-17 19:12:47+00:00,Private,3,W,4,2,1,9,0,2,2,0,236,False,0.0,1541,502114,38.16,161.83,148.21,227.0,110.48,10.71,7.92,58,0.14,67.0,42.56462,46.476162,10.959218,65.19429,31.729803,3.0759068,422,440.79608,45.16,2488,384,1812,184,676,200,20,2,62,18,189,15,333,46.42,13.706963,23.9,7.057225,136.27,93.33,37.76,67.25,40.72502,27.892172,11.284778,20.098024
1,5091cb41-a38b-4196-9092-f540416c57a1,2026-06-17 19:21:07+00:00,Private,3,W,4,1,1,7,0,1,1,0,226,False,0.0,1378,459813,21.96,138.95,195.56,227.42,118.08,10.98,6.08,46,0.13,59.913044,54.860157,38.97944,6.160406,63.796005,33.12388,3.0801165,369,402.21826,45.9,2333,662,1678,430,655,232,21,5,59,20,389,30,120,37.0,10.631574,26.4,7.585771,99.3,111.15,64.08,68.43,28.953812,32.409027,18.684393,19.952763
0,4b18baf4-9e3d-47b1-9d81-d80212f256eb,2026-06-24 18:34:21+00:00,Private,3,L,1,4,4,8,0,4,0,0,168,False,0.0,1466,483661,39.04,136.29,179.13,245.3,99.59,9.56,6.22,50,0.12,63.739132,50.536026,38.450035,11.013937,69.20581,28.097052,2.6971364,373,377.52573,51.15,2158,240,1466,72,692,168,19,2,62,15,452,134,479,36.18,10.549027,28.23,8.231041,97.15,94.64,51.82,94.12,28.765581,28.022385,15.343617,27.868414
