index,replay_id,datetime,playlist,match_type,match_result,team_goals,opp_goals,shots,shots_against,goals,goals_against,saves,assists,score,mvp,shooting_percentage,avg_speed,total_distance,time_supersonic_speed,time_boost_speed,time_slow_speed,time_ground,time_low_air,time_high_air,time_powerslide,count_powerslide,avg_powerslide_duration,avg_speed_percentage,percent_slow_speed,percent_boost_speed,percent_supersonic_speed,percent_ground,percent_low_air,percent_high_air,bpm,bcpm,avg_amount,amount_collected,amount_stolen,amount_collected_big,amount_stolen_big,amount_collected_small,amount_stolen_small,count_collected_big,count_stolen_big,count_collected_small,count_stolen_small,amount_overfill,amount_overfill_stolen,amount_used_while_supersonic,time_zero_boost,percent_zero_boost,time_full_boost,percent_full_boost,time_boost_0_25,time_boost_25_50,time_boost_50_75,time_boost_75_100,percent_boost_0_25,percent_boost_25_50,percent_boost_50_75,percent_boost_75_100
16,1f0053d3-805e-4056-b845-abf9de9665ba,2026-06-15 20:12:38+00:00,Private,4,L,0,2,1,6,0,2,0,0,134,False,0.0,1490,461469,35.86,131.15,155.16,184.93,128.35,8.88,6.71,54,0.12,64.78261,48.16091,40.70832,11.13077,57.403152,39.840454,2.7563944,362,361.17166,41.22,1905,232,1413,151,492,81,16,2,45,8,186,48,145,44.08,13.92865,37.53,11.858944,143.55,77.44,45.36,53.96,44.81596,24.176579,14.161282,16.84618
15,d3397f27-3e90-436b-bede-02117bc67035,2026-06-15 20:12:38+00:00,Private,4,L,0,2,1,6,0,2,0,0,134,False,0.0,1490,461469,35.86,131.15,155.16,184.93,128.35,8.88,6.71,54,0.12,64.78261,48.16091,40.70832,11.13077,57.403152,39.840454,2.7563944,362,361.17166,41.22,1905,232,1413,151,492,81,16,2,45,8,186,48,145,44.08,13.92865,37.53,11.858944,143.55,77.44,45.36,53.96,44.81596,24.176579,14.161282,16.84618
17,a29f2d58-ec10-4b80-863e-d18255e5b3d2,2026-06-15 20:20:57+00:00,Private,4,L,1,2,0,8,0,2,1,1,314,False,0.0,1383,446693,29.57,123.48,184.33,192.61,132.21,12.56,7.13,54,0.13,60.130436,54.635723,36.599678,8.764598,57.089928,39.187267,3.722805,331,304.80347,47.34,1653,190,1294,114,359,76,15,2,32,7,218,90,140,72.18,22.182611,24.5,7.529426,116.69,68.19,41.2,91.34,36.76202,21.48258,12.97965,28.775757
14,e672edb4-f718-4d5e-8147-fed9eb9fbdfd,2026-06-15 20:20:57+00:00,Private,4,L,1,2,0,8,0,2,1,1,314,False,0.0,1383,446693,29.57,123.48,184.33,192.61,132.21,12.56,7.13,54,0.13,60.130436,54.635723,36.599678,8.764598,57.089928,39.187267,3.722805,331,304.80347,47.34,1653,190,1294,114,359,76,15,2,32,7,218,90,140,72.18,22.182611,24.5,7.529426,116.69,68.19,41.2,91.34,36.76202,21.48258,12.97965,28.775757
13,1c62e0cc-c106-42b2-8e57-bb5e47d73309,2026-06-15 20:29:13+00:00,Private,4,L,3,4,1,11,1,4,2,2,473,False,100.0,1461,551035,36.94,163.57,205.09,232.91,159.73,12.97,6.57,56,0.12,63.52174,50.564594,40.32791,9.107494,57.422153,39.38019,3.1976528,349,384.7821,44.99,2456,396,1794,280,662,116,21,4,57,10,305,119,94,63.78,16.654045,38.62,10.084341,154.88,111.36,49.27,82.94,38.870625,27.948301,12.365417,20.815662
18,1ada2574-db33-4466-a0c8-e3e4f4ba826b,2026-06-15 20:29:13+00:00,Private,4,L,3,4,1,11,1,4,2,2,473,False,100.0,1461,551035,36.94,163.57,205.09,232.91,159.73,12.97,6.57,56,0.12,63.52174,50.564594,40.32791,9.107494,57.422153,39.38019,3.1976528,349,384.7821,44.99,2456,396,1794,280,662,116,21,4,57,10,305,119,94,63.78,16.654045,38.62,10.084341,154.88,111.36,49.27,82.94,38.870625,27.948301,12.365417,20.815662
19,270e2ff4-80ea-47b9-9197-b8aeb7f49c3c,2026-06-15 20:36:27+00:00,Private,4,L,1,4,0,4,0,4,0,0,90,False,0.0,1433,461914,26.27,132.05,185.88,198.87,134.23,11.11,7.93,67,0.12,62.304348,54.00349,38.364326,7.632191,57.775784,38.996548,3.2276812,334,337.2226,45.78,1869,221,1427,100,442,121,16,1,39,10,180,0,46,37.93,11.406146,43.12,12.966861,123.82,91.09,56.16,56.66,37.781097,27.79422,17.136057,17.288622
12,4ab7e61d-d64e-4bb1-adcb-165a50ed0cf9,2026-06-15 20:36:27+00:00,Private,4,L,1,4,0,4,0,4,0,0,90,False,0.0,1433,461914,26.27,132.05,185.88,198.87,134.23,11.11,7.93,67,0.12,62.304348,54.00349,38.364326,7.632191,57.775784,38.996548,3.2276812,334,337.2226,45.78,1869,221,1427,100,442,121,16,1,39,10,180,0,46,37.93,11.406146,43.12,12.966861,123.82,91.09,56.16,56.66,37.781097,27.79422,17.136057,17.288622
11,d85c0234-1524-4e64-a76a-9dad62f3b8be,2026-06-17 19:08:37+00:00,Private,3,L,1,4,1,5,0,4,1,0,130,False,0.0,1453,477136,29.79,131.46,188.73,214.75,115.76,19.46,8.68,74,0.12,63.173912,53.925938,37.56215,8.511914,61.362404,33.07712,5.5604763,349,348.53363,48.67,1949,296,1260,100,689,196,14,1,61,17,127,0,117,51.13,15.239033,24.97,7.4421797,103.24,105.14,53.28,72.46,30.899078,31.467737,15.946367,21.68682
10,429de811-0136-4e5a-9e15-c281c1f441d5,2026-06-17 19:16:02+00:00,Private,3,L,0,0,1,8,0,4,2,0,188,False,0.0,1466,475861,37.91,118.38,187.48,216.74,115.94,11.09,7.56,66,0.11,63.739132,54.536465,34.435814,11.027722,63.04797,33.72604,3.225994,342,330.93262,44.57,1815,339,1077,160,738,179,13,2,64,16,174,40,100,33.41,10.152855,36.32,11.037165,140.37,80.04,67.51,50.73,41.44987,23.63502,19.935034,14.980067
9,5211bb79-f488-475a-ac97-1ffc61cf2343,2026-06-17 19:23:32+00:00,Private,3,L,1,3,2,11,0,3,1,0,210,False,0.0,1559,503324,37.27,163.36,141.14,190.28,133.73,17.76,6.92,58,0.12,67.78261,41.29678,47.79823,10.904995,55.674866,39.12865,5.196477,367,355.42093,42.5,1956,378,1125,198,831,180,13,2,74,15,97,1,71,29.32,8.879467,21.73,6.5808597,125.78,96.99,62.51,44.85,38.100143,29.379335,18.934965,13.585557
8,4a6e374f-6eb6-4328-9bfb-9310025a96e7,2026-06-17 19:31:11+00:00,Private,3,L,3,4,5,10,2,4,1,0,442,False,40.0,1417,470571,28.01,133.82,200.82,224.12,127.78,10.74,8.52,68,0.13,61.608696,55.3757,36.900593,7.7237,61.80234,35.23605,2.9616148,337,367.41788,42.96,2114,462,1513,326,601,136,17,4,56,12,159,76,150,24.69,7.151961,24.35,7.053473,141.97,108.92,30.57,63.09,41.20447,31.61225,8.872442,18.31084
7,1b06bd13-fb69-43fb-9b19-21c7e2e03bd9,2026-06-22 19:09:37+00:00,Private,3,W,1,0,0,8,0,0,1,0,297,False,0.0,1464,484009,35.77,133.26,169.63,202.22,119.47,16.97,7.2,53,0.14,63.652172,50.088585,39.349197,10.562216,59.711803,35.277267,5.010925,310,311.2714,43.46,1726,466,1074,286,652,180,13,3,58,15,128,0,109,64.58,19.41088,27.96,8.403967,158.05,40.04,76.0,59.69,47.351547,11.995926,22.76949,17.883038
6,2ed40427-bc43-49f3-a7fa-482fdcfb8ac2,2026-06-22 19:16:52+00:00,Private,3,L,2,5,2,16,1,5,1,0,284,False,50.0,1401,476854,31.93,129.17,209.52,208.81,147.45,14.36,5.03,49,0.1,60.913044,56.5323,34.85241,8.6152935,56.34073,39.784687,3.8745885,328,345.2628,40.68,1997,284,1294,66,703,218,15,1,62,19,140,0,128,44.86,12.926463,30.12,8.679114,164.8,97.56,35.17,61.91,45.849102,27.142223,9.784665,17.224016
5,b3cef607-592e-4cc3-9b6d-07d7b1b38d38,2026-06-22 19:24:01+00:00,Private,3,L,1,3,1,7,0,3,1,0,224,False,0.0,1409,454069,27.46,121.68,192.28,192.82,131.89,16.72,7.72,58,0.13,61.260868,56.317734,35.63939,8.04288,56.474236,38.628708,4.89705,330,351.17026,46.35,1913,255,1556,186,357,69,18,3,35,8,229,113,17,62.3,19.06073,40.08,12.2625065,144.35,58.55,50.43,84.8,42.690685,17.315825,14.914382,25.079111
4,c733ca4f-42bd-40e5-9642-63e567ac3ef7,2026-06-22 19:31:12+00:00,Private,3,L,1,4,1,8,0,4,0,0,112,False,0.0,1410,461263,29.09,118.44,198.8,207.93,123.11,15.28,5.64,42,0.13,61.304348,57.4019,34.198597,8.399504,60.039852,35.54805,4.4121046,317,357.32056,46.41,2011,408,1448,151,563,257,17,2,48,22,255,48,61,54.84,16.240229,33.37,9.882137,110.36,80.56,81.49,65.4,32.66925,23.847725,24.123028,19.359995
3,2e68c7a0-d354-4388-a782-5908e849c6da,2026-06-24 19:12:46+00:00,Private,3,L,3,4,3,10,2,4,4,0,614,False,66.666664,1411,488698,31.72,123.02,221.45,222.81,132.66,20.72,7.12,62,0.11,61.347828,58.86653,32.70156,8.43191,59.22805,35.264095,5.507855,298,284.63742,40.1,1674,177,1016,0,658,177,12,0,56,15,111,0,78,56.01,15.872702,20.91,5.925695,154.14,104.41,40.72,61.56,42.718178,28.936066,11.285093,17.060667
2,7d76b773-c50e-4cc3-815a-703e2813f8db,2026-06-24 19:20:49+00:00,Private,3,L,3,5,4,9,2,5,1,0,428,False,50.0,1529,525424,42.81,161.33,174.5,210.51,145.89,22.23,6.16,52,0.12,66.478264,46.08599,42.607754,11.306253,55.597813,38.53102,5.871167,386,346.3078,37.77,2033,378,1389,100,644,278,15,1,56,24,121,1,119,80.0,22.712431,24.05,6.8279247,170.3,78.42,37.86,72.11,47.478325,21.86289,10.555076,20.10371
1,a151c082-846f-488d-99a7-013c55d4d59b,2026-06-24 19:27:37+00:00,Private,3,W,2,1,2,8,0,1,2,1,283,False,0.0,1351,417688,22.59,118.91,183.28,206.8,108.26,9.72,7.08,57,0.12,58.739132,56.432045,36.612476,6.9554777,63.67387,33.333332,2.9927952,321,294.43738,38.35,1580,109,830,0,750,109,10,0,60,9,51,0,128,75.66,23.499084,14.44,4.48489,178.88,53.37,35.85,44.24,57.270924,17.087149,11.477876,14.164052
0,7097775c-5e5c-4430-81da-79e3c9e537e0,2026-06-24 19:36:40+00:00,Private,3,L,2,3,4,9,1,3,2,1,442,False,25.0,1475,650090,50.6,180.49,232.48,278.81,164.22,20.53,9.24,66,0.14,64.13043,50.14992,38.934788,10.915288,60.145397,35.425835,4.4287686,378,379.64978,51.63,2822,542,1967,260,855,282,24,3,77,26,265,52,218,56.89,12.755892,47.78,10.713245,118.82,112.12,106.95,121.39,25.870926,24.41212,23.286448,26.430498
